0,0,0
0.000978677,1,1.27948e-05
0.00295359,2,0.0228445
0.00489452,3,0.0769771
0.00683408,4,0.302707
0.0152697,5,1.77636e-15
-0.00270717,6,1.72255e-05
-0.000263841,7,0.000930609
0.00230379,8,0.00152264
0.0048202,9,0.00212214
0.0209603,10,-2.60209e-18
-0.00659978,11,1.03692e-06
-0.0309691,12,0.0161124
-0.0387619,13,0.0987534
-0.0456008,14,0.376951
-0.0241348,15,0
-0.0124033,16,8.17769e-06
-0.00535108,17,0.00649646
0.000305602,18,0.027619
0.00509572,19,0.0861251
0.0282448,20,0
-0.0051846,21,2.59271e-07
-0.0328922,22,0.0298529
-0.0431078,23,0.129594
-0.054212,24,0.431462
-0.0344239,25,-2.22045e-16
-0.00354507,26,0.00126063
0.000791451,27,0.113795
0.00473318,28,0.311296
0.00765511,29,0.629023
0.0182946,30,-2.22045e-16
-0.00190604,31,5.66836e-08
-0.0165838,32,0.0199524
-0.0256595,33,0.0718224
-0.036807,34,0.213376
-0.0404355,35,0
0.00156442,36,2.22379e-09
0.00909601,37,0.0338906
0.00670267,38,0.138747
0.000872074,39,0.448026
-0.0196847,40,0
0.00388429,41,0.000104926
0.00149565,42,0.309468
-0.00877743,43,0.794933
-0.022178,44,1.6332
-0.0583305,45,0
0.00300791,46,2.22756e-08
0.0130697,47,0.0301383
0.00739109,48,0.103231
0.000307654,49,0.297104
-0.0455328,50,0
0.00121761,51,3.22386e-10
0.0296982,52,0.0366395
0.0323386,53,0.144924
0.0354062,54,0.458977
-0.0104724,55,0
-0.00017093,56,3.58279e-11
0.0224238,57,0.0337466
0.0255931,58,0.132931
0.0314527,59,0.42131
-0.00332356,60,0
-0.000835143,61,1.77893e-13
0.0268149,62,0.0310553
0.0384447,63,0.125857
0.054567,64,0.404955
0.0403947,65,0
-0.000326489,66,1.47441e-08
0.00966743,67,0.3339
0.0195726,68,0.822862
0.0347023,69,1.6583
0.0459382,70,0
-0.00186705,71,0.000127018
0.0185052,72,0.241976
0.0401792,73,0.58047
0.0667875,74,1.10896
0.101594,75,0
-0.0267168,76,2.47677e-05
-0.01863,77,0.00162053
-0.00769906,78,0.00394137
0.00557473,79,0.0080025
0.0554135,80,0
-0.0151641,81,7.64062e-06
-0.0809004,82,0.0184
-0.103986,83,0.103908
-0.127289,84,0.386121
-0.075641,85,0
-0.036633,86,0.00272747
-0.0265342,87,0.062324
-0.0197193,88,0.154131
-0.0151136,89,0.284967
0.0240406,90,1.11022e-16
-0.0239789,91,3.98911e-07
-0.0514832,92,0.0724239
-0.0679941,93,0.199663
-0.0891881,94,0.48643
-0.0737567,95,-2.22045e-16
-0.00370475,96,7.24064e-10
-0.00885663,97,0.00701276
-0.0155843,98,0.0277717
-0.02655,99,0.0854343
